0 52.1000
1 15.5400
10 1.2600
102 .4200
11 1.6800
111 .4200
115 .4200
12 3.3600
128 .4200
129 .4200
13 1.6800
132 .4200
138 .8400
14 .4200
16 .8400
17 .4200
18 1.2600
187 .4200
198 .4200
2 15.1200
20 .8400
22 .8400
228 .4200
24 .4200
25 .4200
26 .8400
28 1.2600
3 7.5600
30 .4200
36 .4200
39 .4200
4 11.7600
40 .4200
41 .8400
42 .8400
43 .4200
442 .4200
45 .4200
46 .4200
47 .4200
48 1.2600
5 5.4600
53 .4200
54 .8400
541 .4200
55 .4200
59 .4200
6 5.8800
62 .4200
7 3.7800
72 .8400
77 .4200
8 7.9800
83 .4200
86 .4200
91 .4200
