1 37.9800
10 5.0300
101 .3800
102 .7700
106 .3800
107 .3800
1095 .3800
11 5.0300
110 .7700
111 .3800
1136 .3800
114 1.1600
115 .3800
117 .3800
119 .3800
12 2.3200
120 .3800
1271 .3800
128 .3800
129 .3800
13 3.4800
132 .3800
134 .3800
137 .7700
14 3.8700
1436 .3800
1446 .3800
145 .3800
147 .3800
15 2.7100
150 .3800
157 .3800
16 2.3200
160 .3800
17 1.1600
175 .3800
18 1.9300
180 .3800
188 .3800
189 .7700
190 .3800
197 .3800
2 29.8400
20 2.7100
2055 .3800
207 .3800
208 .3800
21 1.1600
214 .3800
22 3.4800
224 .3800
225 .7700
227 .3800
229 .3800
24 1.5500
242 .3800
247 .3800
259 .3800
26 .7700
27 2.7100
276 .3800
278 .3800
28 2.3200
287 .7700
29 2.7100
291 .7700
2916 .3800
292 .3800
3 19.3700
30 3.1000
302 .3800
3055 .3800
309 .3800
31 1.5500
313 .3800
32 1.5500
323 .3800
33 .7700
34 .7700
35 2.7100
358 .3800
36 2.3200
37 1.5500
38 .3800
39 1.1600
398 .3800
4 17.8200
4131 .3800
42 2.7100
425 .3800
429 .3800
431 .3800
435 .7700
436 .7700
4372 .3800
442 .3800
45 .7700
46 .7700
48 .3800
49 .3800
5 18.2100
50 1.1600
51 .7700
52 .3800
54 1.9300
55 1.1600
56 1.1600
57 .7700
58 1.9300
586 .3800
588 .3800
6 14.7200
60 .7700
62 .3800
64 .3800
650 .3800
654 .3800
66 .3800
68 .3800
69 .7700
7 15.8900
71 1.9300
712 .3800
72 .7700
73 .3800
74 .3800
758 .3800
76 1.1600
77 1.5500
78 .7700
8 14.3400
80 .7700
81 .7700
82 .3800
85 .3800
86 .7700
9 11.2400
90 .7700
92 1.1600
94 .3800
951 .3800
96 .3800
998 .3800
